1 113 1.0
2 209 1.0
3 620 1.0
4 718 1.0
5 733 1.0
6 783 1.0
7 900 1.0
8 974 1.0
9 1118 1.0
10 1172 1.0
11 1182 1.0
12 1632 1.0
13 1767 1.0
14 2045 1.0
15 2184 1.0
16 2438 1.0
17 2515 1.0
18 2752 1.0
19 2853 1.0
20 2948 1.0
21 2990 1.0
22 3051 1.0
23 3164 1.0
24 3404 1.0
25 3454 1.0
26 4149 1.0
27 4203 1.0
28 4552 1.0
29 4553 1.0
30 4758 1.0
31 4853 1.0
32 4888 1.0
33 4911 1.0
34 4964 1.0
35 5193 1.0
36 5279 1.0
37 5448 1.0
38 5457 1.0
39 5472 1.0
40 5573 1.0
41 5676 1.0
42 6073 1.0
43 6096 1.0
44 6117 1.0
45 6171 1.0
46 6185 1.0
47 6229 1.0
48 6230 1.0
49 6302 1.0
50 6493 1.0
1 1 1.0
2 2 1.0
3 8 1.0
4 16 1.0
5 30 1.0
6 35 1.0
7 36 1.0
8 44 1.0
9 45 1.0
10 47 1.0
11 65 1.0
12 66 1.0
13 71 1.0
14 87 1.0
15 116 1.0
16 143 1.0
17 164 1.0
18 165 1.0
19 166 1.0
20 172 1.0
21 174 1.0
22 189 1.0
23 209 1.0
24 218 1.0
25 273 1.0
26 275 1.0
27 286 1.0
28 290 1.0
29 299 1.0
30 301 1.0
31 308 1.0
32 310 1.0
33 311 1.0
34 315 1.0
35 324 1.0
36 337 1.0
37 339 1.0
38 347 1.0
39 356 1.0
40 364 1.0
41 372 1.0
42 373 1.0
43 376 1.0
44 414 1.0
45 426 1.0
46 431 1.0
47 445 1.0
48 466 1.0
49 503 1.0
50 505 1.0