1 888718 15.0
2 888717 15.0
3 888715 15.0
4 888714 15.0
5 888709 15.0
6 888708 15.0
7 888704 15.0
8 888702 15.0
9 888700 15.0
10 888699 15.0
11 888698 15.0
12 888694 15.0
13 888688 15.0
14 888686 15.0
15 888683 15.0
16 888680 15.0
17 888677 15.0
18 888675 15.0
19 888674 15.0
20 888672 15.0
21 888671 15.0
22 888670 15.0
23 888667 15.0
24 888666 15.0
25 888663 15.0
26 888660 15.0
27 888659 15.0
28 888658 15.0
29 888657 15.0
30 888656 15.0
31 888654 15.0
32 888652 15.0
33 888650 15.0
34 888647 15.0
35 888644 15.0
36 888643 15.0
37 888642 15.0
38 888641 15.0
39 514408 15.0
40 471806 15.0
41 368450 15.0
42 316035 15.0
43 144022 15.0
44 61597 15.0
45 888706 4.0
46 888697 4.0
47 888695 4.0
48 888681 4.0
49 888673 4.0
50 888669 4.0
1 889253 122.0
2 889216 110.0
3 889210 110.0
4 889239 108.0
5 889230 108.0
6 889229 108.0
7 889223 108.0
8 889221 108.0
9 889217 108.0
10 889213 108.0
11 889209 108.0
12 889205 108.0
13 889201 108.0
14 889194 108.0
15 889188 108.0
16 853949 108.0
17 313798 108.0
18 159469 108.0
19 32984 108.0
20 889248 107.0
21 889240 94.0
22 889234 94.0
23 90597 85.0
24 181243 76.0
25 623454 74.0
26 280911 68.0
27 889219 66.0
28 394843 66.0
29 231387 62.0
30 227716 62.0
31 152305 62.0
32 889250 61.0
33 889199 61.0
34 889183 61.0
35 363489 61.0
36 60361 59.0
37 889197 57.0
38 632231 57.0
39 595589 57.0
40 889242 56.0
41 889193 56.0
42 631349 56.0
43 889190 53.0
44 889182 52.0
45 889238 51.0
46 889235 51.0
47 889228 51.0
48 889224 51.0
49 889206 51.0
50 889185 51.0