1 538475 939.0
2 518904 939.0
3 500740 939.0
4 888707 761.0
5 888679 761.0
6 888687 686.0
7 888678 575.0
8 888653 575.0
9 363826 517.0
10 616485 512.0
11 397346 511.0
12 182398 511.0
13 888669 510.0
14 888662 510.0
15 888695 509.0
16 888655 509.0
17 888706 505.0
18 888697 505.0
19 888681 505.0
20 888661 505.0
21 396081 505.0
22 220487 505.0
23 192195 505.0
24 159713 505.0
25 152559 505.0
26 888673 500.0
27 888668 500.0
28 636351 499.0
29 459465 468.0
30 404250 438.0
31 586445 392.0
32 308114 350.0
33 829556 316.0
34 814091 316.0
35 888676 315.0
36 130504 312.0
37 191423 310.0
38 258173 300.0
39 888718 289.0
40 888717 289.0
41 888709 289.0
42 888699 289.0
43 888688 289.0
44 888686 289.0
45 888683 289.0
46 888675 289.0
47 888674 289.0
48 888671 289.0
49 888670 289.0
50 888657 289.0
1 60411 343.0
2 889253 319.0
3 889209 283.0
4 889248 282.0
5 889229 282.0
6 889221 282.0
7 889213 282.0
8 889201 282.0
9 889194 282.0
10 313798 282.0
11 32984 282.0
12 889239 281.0
13 889217 281.0
14 889216 281.0
15 889210 281.0
16 889188 281.0
17 889230 280.0
18 889223 280.0
19 889205 280.0
20 853949 280.0
21 159469 280.0
22 476486 275.0
23 470551 236.0
24 889197 215.0
25 238592 207.0
26 343313 194.0
27 315038 192.0
28 803082 183.0
29 470823 179.0
30 489888 167.0
31 264765 166.0
32 793101 162.0
33 411799 151.0
34 445842 147.0
35 405124 142.0
36 889877 131.0
37 648654 131.0
38 595560 131.0
39 631349 128.0
40 803471 127.0
41 581026 124.0
42 20819 124.0
43 741116 120.0
44 639861 120.0
45 736500 117.0
46 280911 117.0
47 889219 116.0
48 832455 113.0
49 467938 113.0
50 623454 112.0