1 2045 1.0
2 7834 1.0
3 7844 1.0
4 10177 1.0
5 13441 1.0
6 13783 1.0
7 14646 1.0
8 14740 1.0
9 15388 1.0
10 17796 1.0
11 18101 1.0
12 19100 1.0
13 21449 1.0
14 23187 1.0
15 23666 1.0
16 25474 1.0
17 27117 1.0
18 27507 1.0
19 29705 1.0
20 37170 1.0
21 37196 1.0
22 39078 1.0
23 41213 1.0
24 42942 1.0
25 43213 1.0
26 43494 1.0
27 43901 1.0
28 45905 1.0
29 46587 1.0
30 47075 1.0
31 47363 1.0
32 52788 1.0
33 53485 1.0
34 53488 1.0
35 54374 1.0
36 56254 1.0
37 58095 1.0
38 60710 1.0
39 61090 1.0
40 61597 1.0
41 63999 1.0
42 64267 1.0
43 66687 1.0
44 71022 1.0
45 71171 1.0
46 72880 1.0
47 73607 1.0
48 79591 1.0
49 79777 1.0
50 80379 1.0
1 1 1.0
2 308 1.0
3 311 1.0
4 562 1.0
5 615 1.0
6 667 1.0
7 1503 1.0
8 1670 1.0
9 1729 1.0
10 2202 1.0
11 2409 1.0
12 2450 1.0
13 2452 1.0
14 2657 1.0
15 2800 1.0
16 3299 1.0
17 3841 1.0
18 3901 1.0
19 3914 1.0
20 3915 1.0
21 4041 1.0
22 4068 1.0
23 4158 1.0
24 4178 1.0
25 4179 1.0
26 4182 1.0
27 4194 1.0
28 4198 1.0
29 4202 1.0
30 4208 1.0
31 4533 1.0
32 4633 1.0
33 4709 1.0
34 4889 1.0
35 5021 1.0
36 5302 1.0
37 5506 1.0
38 5689 1.0
39 5842 1.0
40 5923 1.0
41 6106 1.0
42 6221 1.0
43 6471 1.0
44 7000 1.0
45 7009 1.0
46 7109 1.0
47 7148 1.0
48 7209 1.0
49 7376 1.0
50 7524 1.0