1 1 1.0
2 6 1.0
3 8 1.0
4 11 1.0
5 19 1.0
6 22 1.0
7 28 1.0
8 34 1.0
9 39 1.0
10 41 1.0
11 50 1.0
12 56 1.0
13 66 1.0
14 85 1.0
15 86 1.0
16 94 1.0
17 95 1.0
18 100 1.0
19 102 1.0
20 109 1.0
21 110 1.0
22 112 1.0
23 113 1.0
24 116 1.0
25 117 1.0
26 119 1.0
27 120 1.0
28 121 1.0
29 130 1.0
30 131 1.0
31 133 1.0
32 134 1.0
33 135 1.0
34 136 1.0
35 139 1.0
36 165 1.0
37 174 1.0
38 185 1.0
39 189 1.0
40 190 1.0
41 191 1.0
42 192 1.0
43 193 1.0
44 204 1.0
45 206 1.0
46 207 1.0
47 209 1.0
48 215 1.0
49 220 1.0
50 225 1.0
1 1 1.0
2 2 1.0
3 8 1.0
4 16 1.0
5 30 1.0
6 35 1.0
7 36 1.0
8 44 1.0
9 45 1.0
10 47 1.0
11 65 1.0
12 66 1.0
13 71 1.0
14 87 1.0
15 116 1.0
16 143 1.0
17 164 1.0
18 165 1.0
19 166 1.0
20 172 1.0
21 174 1.0
22 189 1.0
23 209 1.0
24 218 1.0
25 273 1.0
26 275 1.0
27 286 1.0
28 290 1.0
29 299 1.0
30 301 1.0
31 308 1.0
32 310 1.0
33 311 1.0
34 315 1.0
35 324 1.0
36 337 1.0
37 339 1.0
38 347 1.0
39 356 1.0
40 364 1.0
41 372 1.0
42 373 1.0
43 376 1.0
44 414 1.0
45 426 1.0
46 431 1.0
47 445 1.0
48 466 1.0
49 503 1.0
50 505 1.0